11.21
19.21
25.21
27.21
31.21
33.21
39.21
43.21
51.21
53.21
59.21
63.21
71.21
73.21
81.21
85.21
91.21
93.21
97.21
411.21
413.21
419.21
427.21
431.21
433.21
437.21
443.21
451.21
457.21
461.21
463.21
471.21
477.21
481.21
483.21
491.21
497.21
505.21
611.21
617.21
621.21
629.21
631.21
633.21
641.21
645.21
651.21
657.21
659.21
667.21
671.21
679.21
683.21
689.21
691.21
699.21
701.21
1096.21
1098.21
1102.21
1110.21
1116.21
1124.21
1130.21
1134.21
1136.21
1138.21
1144.21
1152.21
1156.21
1162.21
1164.21
1168.21
1176.21
1182.21
1190.21
