207.21
215.21
221.21
225.21
227.21
233.21
237.21
245.21
247.21
251.21
259.21
261.21
267.21
271.21
279.21
281.21
287.21
291.21
297.21
309.21
311.21
317.21
321.21
329.21
337.21
341.21
343.21
349.21
351.21
355.21
363.21
369.21
375.21
379.21
381.21
389.21
397.21
401.21
758.21
760.21
764.21
770.21
778.21
782.21
790.21
792.21
798.21
806.21
810.21
816.21
818.21
824.21
826.21
834.21
838.21
844.21
848.21
854.21
862.21
866.21
868.21
874.21
880.21
882.21
886.21
894.21
898.21
904.21
906.21
914.21
918.21
920.21
928.21
934.21
940.21
944.21
