107.21
108.21
110.21
114.21
117.21
119.21
123.21
126.21
127.21
128.21
131.21
133.21
137.21
139.21
140.21
143.21
147.21
148.21
150.21
558.21
561.21
562.21
566.21
568.21
572.21
574.21
577.21
578.21
581.21
583.21
584.21
588.21
591.21
593.21
597.21
598.21
600.21
603.21
707.21
708.21
710.21
713.21
717.21
718.21
721.21
725.21
727.21
730.21
734.21
735.21
737.21
739.21
740.21
743.21
747.21
748.21
752.21
948.21
949.21
952.21
956.21
958.21
959.21
961.21
965.21
968.21
971.21
973.21
977.21
978.21
982.21
985.21
987.21
988.21
990.21
993.21
