155.21
157.21
160.21
161.21
165.21
166.21
168.21
172.21
175.21
178.21
182.21
183.21
185.21
187.21
188.21
192.21
195.21
198.21
202.21
509.21
510.21
512.21
515.21
519.21
523.21
525.21
528.21
529.21
530.21
533.21
535.21
539.21
540.21
543.21
545.21
549.21
550.21
554.21
996.21
997.21
1001.21
1004.21
1006.21
1009.21
1013.21
1014.21
1016.21
1017.21
1021.21
1023.21
1026.21
1027.21
1030.21
1032.21
1036.21
1040.21
1041.21
1046.21
1049.21
1053.21
1055.21
1056.21
1057.21
1061.21
1063.21
1066.21
1070.21
1071.21
1074.21
1076.21
1080.21
1082.21
1083.21
1086.21
1087.21
1090.21
